<?xml version="1.0" standalone="no"?>
<!DOCTYPE svg PUBLIC "-//W3C//DTD SVG 20010904//EN"
 "http://www.w3.org/TR/2001/REC-SVG-20010904/DTD/svg10.dtd">
<svg version="1.0" xmlns="http://www.w3.org/2000/svg"
 width="450.000000pt" height="450.000000pt" viewBox="0 0 450.000000 450.000000"
 preserveAspectRatio="xMidYMid meet">
<metadata>
Created by potrace 1.16, written by Peter Selinger 2001-2019
</metadata>
<g transform="translate(0.000000,450.000000) scale(0.100000,-0.100000)"
fill="#000000" stroke="none">
<path d="M734 3276 c-96 -18 -136 -32 -223 -75 -114 -56 -123 -61 -176 -108
-27 -24 -54 -47 -58 -51 -15 -13 -145 -200 -163 -233 -9 -19 -21 -47 -25 -64
-4 -16 -18 -66 -29 -110 -19 -69 -21 -97 -17 -205 3 -69 8 -136 11 -150 46
-205 156 -376 316 -495 41 -30 80 -60 87 -65 7 -6 16 -10 21 -10 5 0 42 -15
83 -34 101 -46 157 -56 321 -56 113 0 154 4 210 21 96 28 226 90 268 128 19
17 38 31 41 31 9 0 129 117 129 126 0 4 16 26 35 50 19 23 43 62 54 86 10 24
27 63 39 88 39 86 52 162 52 296 -1 148 -14 221 -58 318 -18 38 -32 73 -32 77
0 21 -123 179 -176 227 -98 87 -224 157 -338 186 -123 32 -274 41 -372 22z
m288 -171 c69 -14 189 -69 244 -110 96 -73 186 -190 224 -292 98 -261 32 -539
-173 -729 -182 -168 -453 -219 -688 -128 -80 31 -204 120 -258 186 -98 118
-160 286 -160 428 0 162 74 343 187 458 59 59 191 150 226 156 6 1 17 5 24 9
53 34 263 46 374 22z"/>
<path d="M774 2785 c-66 -21 -97 -40 -146 -93 -52 -56 -80 -105 -97 -174 -16
-67 2 -176 40 -248 28 -52 29 -54 4 -25 -13 17 -25 36 -25 43 0 17 -25 15 -40
-3 -7 -8 -22 -15 -34 -15 -20 0 -21 -5 -21 -78 0 -71 2 -77 21 -80 28 -4 116
48 130 76 10 21 12 21 25 6 8 -10 34 -31 59 -47 27 -18 36 -27 23 -24 -20 4
-23 1 -23 -27 0 -38 -15 -56 -47 -56 -28 0 -31 -25 -7 -59 14 -20 23 -22 56
-18 21 3 52 0 68 -6 42 -16 68 12 77 81 6 50 5 52 -18 52 -13 0 -31 5 -39 11
-12 8 -9 9 9 3 14 -3 59 -6 101 -6 73 0 77 -1 73 -21 -2 -12 7 -48 22 -81 l26
-59 22 20 c12 11 39 29 61 38 27 13 44 30 57 59 25 56 24 81 -7 105 l-26 20
36 47 c57 75 79 144 74 240 -5 103 -37 171 -112 242 -41 39 -68 55 -121 71
-75 23 -159 26 -221 6z m179 -106 c21 -6 56 -27 78 -46 120 -108 112 -281 -16
-373 -45 -32 -56 -35 -130 -38 -76 -3 -82 -2 -128 29 -60 40 -94 89 -106 155
-34 179 124 323 302 273z"/>
<path d="M2970 2445 l0 -205 30 0 29 0 3 93 c2 50 2 143 0 205 l-3 112 -30 0
-29 0 0 -205z"/>
<path d="M3390 2445 l0 -205 30 0 30 0 0 205 0 205 -30 0 -30 0 0 -205z"/>
<path d="M3530 2445 l0 -205 30 0 30 0 0 205 0 205 -30 0 -30 0 0 -205z"/>
<path d="M1790 2440 l0 -200 30 0 29 0 3 88 3 87 74 7 c60 5 78 11 98 31 29
29 39 91 21 126 -20 36 -90 60 -180 60 l-78 1 0 -200z m168 154 c17 -12 22
-25 22 -62 0 -26 -6 -55 -14 -64 -15 -20 -58 -38 -92 -38 -24 0 -24 2 -24 83
0 46 3 87 7 90 12 13 79 7 101 -9z"/>
<path d="M2132 2500 c-39 -24 -62 -73 -62 -132 0 -103 70 -153 176 -128 74 18
73 41 -1 33 -52 -5 -56 -4 -85 27 -16 18 -30 43 -30 56 0 24 2 24 89 24 53 0
93 4 96 11 11 16 -24 97 -48 114 -30 21 -96 19 -135 -5z"/>
<path d="M2421 2502 c-45 -24 -71 -74 -71 -137 0 -70 25 -108 82 -124 37 -10
53 -10 93 2 72 20 89 49 89 143 0 73 -1 77 -32 105 -26 23 -42 29 -80 29 -27
0 -62 -8 -81 -18z m111 -43 c31 -41 34 -100 9 -152 -23 -48 -43 -59 -79 -46
-31 12 -44 54 -40 128 3 52 8 67 28 83 30 24 58 20 82 -13z"/>
<path d="M2654 2505 c-3 -8 1 -24 10 -37 13 -18 16 -53 16 -190 l0 -168 25 0
c24 0 25 2 25 71 0 64 2 70 18 64 35 -15 73 -17 103 -4 77 31 92 194 25 262
-23 23 -83 22 -124 -3 -32 -20 -32 -20 -44 0 -15 23 -46 26 -54 5z m186 -57
c22 -37 26 -103 9 -141 -16 -36 -53 -53 -87 -41 -26 9 -27 13 -30 85 -3 75 -2
77 28 103 41 34 56 33 80 -6z"/>
<path d="M3127 2481 c-78 -86 -54 -215 44 -241 48 -13 149 5 149 26 0 11 -13
12 -58 8 -52 -6 -61 -4 -84 17 -15 13 -29 39 -33 57 l-7 32 96 0 c106 0 110 3
85 67 -20 54 -48 73 -105 73 -48 0 -55 -3 -87 -39z"/>
<path d="M3640 2510 c0 -5 11 -33 24 -62 25 -54 38 -90 36 -97 -1 -2 2 -7 7
-10 4 -3 19 -27 32 -54 21 -42 22 -49 9 -65 -8 -9 -24 -27 -34 -39 -10 -13
-33 -26 -51 -29 -24 -4 -33 -12 -33 -25 0 -57 149 35 150 92 0 9 20 66 44 125
46 114 57 156 41 164 -9 5 -47 -81 -70 -160 -7 -25 -14 -37 -14 -27 -1 9 -20
58 -43 107 -39 81 -45 90 -70 90 -16 0 -28 -4 -28 -10z"/>
<path d="M2044 2056 c-3 -7 -4 -40 -2 -72 3 -53 5 -59 26 -62 25 -4 38 18 27
46 -8 16 -8 16 -12 0 -8 -32 -19 -19 -15 16 7 59 41 24 42 -41 0 -19 5 -22 40
-20 39 1 39 1 43 47 l3 45 2 -47 c1 -34 6 -48 16 -48 8 0 17 6 19 13 4 10 6
10 6 0 1 -17 41 -17 41 -1 0 9 3 9 12 0 21 -21 48 -14 48 12 0 13 -6 27 -12
30 -10 5 -10 7 0 12 17 8 15 54 -3 54 -8 0 -20 -6 -27 -14 -11 -11 -15 -11
-24 3 -11 14 -14 14 -33 -3 -17 -15 -21 -16 -21 -4 0 12 -12 15 -59 13 -50 -2
-60 1 -64 17 -6 21 -45 25 -53 4z"/>
<path d="M2684 2057 c-3 -8 -4 -41 -2 -73 2 -48 6 -59 21 -62 10 -2 24 4 31
14 12 15 13 15 19 0 4 -9 13 -16 21 -16 15 0 19 9 30 70 3 14 3 4 2 -22 -3
-35 0 -48 10 -48 8 0 14 17 17 48 l3 47 2 -47 c1 -27 6 -48 11 -48 6 0 12 21
14 48 l3 47 2 -47 c1 -27 7 -48 12 -48 7 0 10 22 8 57 l-3 58 -38 0 c-21 1
-41 -3 -44 -8 -2 -4 -12 -2 -20 5 -12 10 -18 9 -29 -7 -8 -10 -14 -25 -14 -32
0 -7 -6 -13 -14 -13 -8 0 -17 -6 -19 -12 -3 -7 -5 7 -5 32 0 25 2 37 5 27 7
-26 28 -15 28 14 0 17 -6 25 -23 27 -12 2 -24 -3 -28 -11z"/>
<path d="M3190 1994 l0 -75 65 4 c54 3 65 1 65 -12 0 -14 2 -14 10 -1 15 23
12 43 -5 36 -12 -4 -15 4 -15 40 0 48 -18 66 -45 44 -11 -9 -18 -9 -30 3 -8 9
-15 20 -15 26 0 6 -7 11 -15 11 -12 0 -15 -15 -15 -76z"/>
</g>
</svg>
